T160528003  -1  19
T160528007  -1  20
T160528029  -1  51
T160528033  -1  52
T160528043  -1  53
T160528046  -1  54
T160528048  -1  55
T160528053  -1  56
T160528062  -1  72
T160528064  -1  73
T160528065  -1  74
T160528066  -1  75
T160528071  -1  76
T160528073  -1  77
T160528074  -1  78
T160528077  -1  79
T160528078  -1  80
T160528017  100 1
T160528034  97.5    21
T160528026  87.5    22
T160528028  87.5    23
2160528008  85.5    207
T160528004  85  2
T160528030  85  24
T160528037  85  25
T160528076  85  57
T160528014  82.5    3
T160528038  82.5    26
T160528060  82.5    58
T160528022  80  27
T160528032  80  28
2160528090  78  273
T160528013  77.5    4
T160528018  77.5    5
T160528054  77.5    29
T160528063  75  59
2160529022  74  413
2160528083  73.5    274
T160528079  72.5    60
1160528005  71.5    81
2160528105  71.5    275
2160528002  71  208
2160528062  71  231
2160528066  71  232
1160529015  70  314
2160528080  69  276
1160529028  69  315
2160529078  69  472
T160528025  67.5    30
T160528052  67.5    31
2160528076  67  277
1160529004  67  316
2160528042  66.5    233
2160528043  66  234
2160528007  65.5    209
T160528020  65  6
T160528041  65  32
1160528097  65  177
1160529066  64.5    317
1160529104  64.5    541
2160528098  64  278
2160529093  64  473
1160529102  63.5    542
2160528077  63  279
T160528010  62.5    7
T160528016  62.5    8
T160528019  62.5    9
T160528072  62.5    61
1160528083  62.5    162
2160528058  62.5    235
2160529091  62.5    474
2160528041  62  236
1160528121  61.5    183
1160528122  61.5    184
2160528088  61.5    280
1160529053  61.5    318
2160529048  61.5    414
1160528105  61  185
2160528099  61  281
2160529067  61  475
1160528001  60.5    82
2160528093  60.5    282
2160529014  60.5    415
2160529065  60.5    476
2160529085  60.5    477
T160528011  60  10
1160528031  60  96
2160528082  60  283
2160529056  60  416
2160529061  60  478
2160529035  59.5    417
2160529115  59.5    522
1160528096  58.5    171
1160529016  58.5    319
1160529060  58.5    320
1160528089  58  163
2160528003  58  210
2160528029  58  237
2160528067  58  284
2160528091  58  285
1160529097  58  384
2160529045  58  418
2160529069  58  479
T160528059  57.5    62
1160528019  57.5    97
2160528019  57.5    211
2160528044  57.5    238
1160529065  57.5    321
2160529008  57.5    419
2160529033  57.5    420
2160528085  57  286
2160529037  57  421
2160529072  57  480
2160529092  57  481
1160529020  56.5    322
1160529067  56.5    323
2160529075  56.5    482
1160529103  56.5    543
2160528075  56  287
2160528095  56  288
2160528096  56  289
1160529084  56  385
1160528004  55.5    83
2160528018  55.5    212
2160528051  55.5    239
1160529062  55.5    324
2160529027  55.5    422
T160528035  55  33
1160528072  55  147
1160528098  55  178
2160528052  55  240
1160529039  55  325
1160529073  55  386
2160529018  55  423
2160528012  54.5    213
1160529058  54.5    326
2160529070  54.5    483
2160529104  54.5    515
1160528091  54  172
1160529037  54  327
1160529070  54  328
1160529081  54  387
2160529063  54  484
2160529074  54  485
2160529112  54  523
2160528037  53.5    241
2160528097  53.5    290
2160528104  53.5    291
2160529034  53.5    424
2160529122  53.5    524
1160528045  53  119
1160528077  53  148
2160528054  53  242
2160528064  53  243
2160528106  53  292
1160529055  53  329
2160529060  53  486
T160528015  52.5    11
T160528050  52.5    34
1160528006  52.5    84
1160528008  52.5    85
1160528009  52.5    89
2160528045  52.5    244
1160529072  52.5    388
2160529038  52.5    425
2160529039  52.5    426
2160529114  52.5    525
1160528069  52  149
1160528126  52  206
2160528069  52  293
2160528092  52  294
1160529009  52  330
1160529083  52  389
2160529004  52  427
2160529040  52  428
2160529080  52  487
1160528076  51.5    150
1160528099  51.5    179
2160528001  51.5    214
2160528009  51.5    215
1160529003  51.5    331
2160529084  51.5    488
1160528053  51  120
1160528082  51  164
1160528085  51  165
2160528048  51  245
2160528086  51  295
2160528101  51  296
1160529036  51  332
1160529043  51  333
1160529085  51  390
2160529073  51  489
2160529116  51  526
1160528111  50.5    186
2160528033  50.5    246
1160529061  50.5    334
2160529013  50.5    429
2160529044  50.5    430
2160529120  50.5    527
T160528002  50  12
T160528023  50  35
T160528036  50  36
T160528057  50  63
2160528032  50  247
2160528056  50  248
2160528072  50  297
1160529045  50  335
1160529076  50  391
2160529050  50  431
2160529096  50  490
1160528071  49.5    151
1160528108  49.5    187
2160528017  49.5    216
2160528023  49.5    217
2160528036  49.5    249
2160528040  49.5    250
1160529008  49.5    336
1160529031  49.5    337
1160529032  49.5    338
2160529113  49.5    528
1160528061  49  121
1160529024  49  339
2160529046  49  432
2160529077  49  491
2160529098  49  492
1160528050  48.5    122
1160528084  48.5    166
2160528022  48.5    218
2160528025  48.5    251
1160529017  48.5    340
1160529021  48.5    341
1160529023  48.5    342
1160529048  48.5    343
2160529047  48.5    433
2160529068  48.5    493
2160529110  48.5    529
1160528041  48  123
1160528095  48  173
1160528103  48  188
2160528103  48  298
1160529040  48  344
1160529075  48  392
2160529026  48  434
2160529089  48  494
1160528040  47.5    124
2160528084  47.5    299
2160528102  47.5    300
1160529087  47.5    393
1160529109  47.5    544
1160528066  47  143
1160528118  47  189
1160528120  47  190
2160528089  47  301
1160529007  47  345
1160529014  47  346
1160529034  47  347
1160529059  47  348
1160529094  47  394
2160529043  47  435
2160529066  47  495
2160529106  47  516
1160528038  46.5    98
1160529002  46.5    349
2160529023  46.5    436
2160529079  46.5    496
2160529103  46.5    517
2160529107  46.5    518
1160528044  46  125
1160528063  46  144
2160528035  46  252
1160529038  46  350
1160529069  46  351
2160529012  46  437
2160529100  46  497
2160529101  46  498
1160528007  45.5    86
1160528026  45.5    99
1160528027  45.5    100
1160528057  45.5    126
2160529024  45.5    438
2160529062  45.5    499
2160529082  45.5    500
2160529118  45.5    530
T160528042  45  37
1160528002  45  87
1160528020  45  101
1160528058  45  127
1160528062  45  142
1160528114  45  191
1160528116  45  192
1160528123  45  193
1160529041  45  352
2160529021  45  439
1160528021  44.5    102
1160528088  44.5    167
2160528049  44.5    253
1160529018  44.5    353
1160529046  44.5    354
2160529086  44.5    501
2160529119  44.5    531
1160528017  44  103
1160528048  44  128
1160528055  44  129
2160528016  44  219
2160528026  44  254
2160528050  44  255
1160529057  44  355
1160528003  43.5    88
1160528023  43.5    104
1160528024  43.5    105
1160528060  43.5    130
2160528031  43.5    256
1160528047  43  131
1160528054  43  132
1160528059  43  133
1160528075  43  152
1160528112  43  194
2160528024  43  220
2160528014  43  221
2160528055  43  257
2160528060  43  258
1160529011  43  356
2160529126  43  532
1160529100  43  545
T160528039  42.5    38
2160528004  42.5    222
1160529064  42.5    357
2160529042  42.5    440
2160529109  42.5    520
1160528074  42  153
1160528115  42  195
1160528117  42  196
2160528015  42  223
2160528074  42  302
1160529005  42  358
1160529006  42  359
1160529051  42  360
2160529127  42  533
1160528037  41.5    106
1160528042  41.5    134
1160528106  41.5    197
2160528059  41.5    259
2160528061  41.5    260
1160529050  41.5    361
2160529081  41.5    502
1160528080  41  154
2160528005  41  224
2160528073  41  303
1160529078  41  395
2160529124  41  534
1160528043  40.5    135
1160528093  40.5    174
2160528021  40.5    225
2160528038  40.5    261
2160528087  40.5    304
2160529049  40.5    441
2160529125  40.5    535
T160528049  40  39
1160528034  40  107
1160528046  40  136
1160528090  40  168
1160528107  40  198
2160528011  40  226
2160528065  40  262
2160529003  40  442
2160529117  40  536
1160528010  39.5    90
1160528029  39  108
1160528033  39  109
1160528051  39  137
1160528070  39  155
1160528079  39  156
1160528086  39  169
2160529011  39  443
2160529128  39  537
1160528068  38.5    157
2160528094  38.5    305
1160529049  38.5    362
2160529015  38.5    444
2160529121  38.5    538
1160528100  38  180
1160529013  38  363
2160529005  38  445
1160528078  37.5    158
1160529089  37.5    396
1160529105  37.5    546
1160528056  37  138
1160529091  37  397
1160529106  37  547
2160528053  36.5    263
2160529029  36.5    446
1160528081  36  159
2160528030  36  264
1160528025  35.5    110
1160528035  35.5    111
1160528036  35.5    112
2160529016  35.5    447
2160528107  35  306
2160529030  35  448
2160529090  35  503
2160528046  34.5    265
1160529108  34.5    548
1160528104  34  199
2160529083  34  504
1160529095  33.5    398
2160529019  33.5    449
2160529020  33.5    450
1160528049  33  139
1160529035  33  364
2160529001  33  451
1160529101  33  549
T160528068  32.5    64
1160528013  32.5    93
1160528030  32.5    113
1160528052  32  140
1160528073  32  160
1160528028  31.5    114
2160529002  31  452
2160529006  30.5    453
T160528080  30  65
1160528110  29.5    200
1160528125  28.5    201
2160529099  28.5    505
T160528051  27.5    40
T160528058  27.5    66
1160528087  26  170
T160528021  25  41
T160528031  25  42
1160528032  23.5    115
T160528008  20  13
T160528027  20  43
T160528047  20  44
T160528067  20  67
T160528070  20  68
T160528006  17.5    14
T160528044  17.5    45
T160528069  17.5    69
T160528075  17.5    70
2160529017  9.5 454
T160528001  0   15
T160528005  0   16
T160528009  0   17
T160528012  0   18
T160528024  0   46
T160528040  0   47
T160528045  0   48
T160528055  0   49
T160528056  0   50
T160528061  0   71
1160528011  0   91
1160528012  0   92
1160528014  0   94
1160528015  0   95
1160528016  0   116
1160528018  0   117
1160528022  0   118
1160528039  0   141
1160528064  0   145
1160528065  0   146
1160528067  0   161
1160528092  0   175
1160528094  0   176
1160528101  0   181
1160528102  0   182
1160528109  0   202
1160528113  0   203
1160528119  0   204
1160528124  0   205
2160528013  0   227
2160528006  0   228
2160528010  0   229
2160528020  0   230
2160528027  0   266
2160528028  0   267
2160528034  0   268
2160528039  0   269
2160528047  0   270
2160528057  0   271
2160528063  0   272
2160528068  0   307
2160528070  0   308
2160528071  0   309
2160528078  0   310
2160528079  0   311
2160528081  0   312
2160528100  0   313
1160529001  0   365
1160529010  0   366
1160529012  0   367
1160529019  0   368
1160529022  0   369
1160529025  0   370
1160529026  0   371
1160529027  0   372
1160529029  0   373
1160529030  0   374
1160529033  0   375
1160529042  0   376
1160529044  0   377
1160529047  0   378
1160529052  0   379
1160529054  0   380
1160529056  0   381
1160529063  0   382
1160529068  0   383
1160529071  0   399
1160529074  0   400
1160529077  0   401
1160529079  0   402
1160529080  0   403
1160529082  0   404
1160529086  0   405
1160529088  0   406
1160529090  0   407
1160529092  0   408
1160529093  0   409
1160529096  0   410
1160529098  0   411
1160529099  0   412
2160529007  0   455
2160529009  0   456
2160529010  0   457
2160529025  0   458
2160529028  0   459
2160529031  0   460
2160529032  0   461
2160529036  0   462
2160529041  0   463
2160529051  0   464
2160529052  0   465
2160529053  0   466
2160529054  0   467
2160529055  0   468
2160529057  0   469
2160529058  0   470
2160529059  0   471
2160529064  0   506
2160529071  0   507
2160529076  0   508
2160529087  0   509
2160529088  0   510
2160529094  0   511
2160529095  0   512
2160529097  0   513
2160529102  0   514
2160529105  0   519
2160529108  0   521
2160529111  0   539
2160529123  0   540
1160529107  0   550